percentiles,hv10,hv120,hv150,hv180,hv20,hv30,hv60,hv90,ivcall10,ivcall1080,ivcall120,ivcall150,ivcall180,ivcall20,ivcall270,ivcall30,ivcall360,ivcall60,ivcall720,ivcall90,ivmean10,ivmean1080,ivmean120,ivmean150,ivmean180,ivmean20,ivmean270,ivmean30,ivmean360,ivmean60,ivmean720,ivmean90,ivput10,ivput1080,ivput120,ivput150,ivput180,ivput20,ivput270,ivput30,ivput360,ivput60,ivput720,ivput90,phv10,phv120,phv150,phv180,phv20,phv30,phv60,phv90
0,0.056322,0.121544,0.125883,0.131361,0.078822,0.0902,0.105122,0.117244,0.12342,0.119976,0.124556,0.123328,0.121864,0.12342,0.119976,0.12342,0.119976,0.12392,0.119976,0.1243,0.150214,0.1482,0.1492139999999999,0.149228,0.149,0.150214,0.1482,0.150214,0.1482,0.149828,0.1482,0.149456,0.156696,0.166592,0.1623959999999999,0.1658,0.167288,0.156696,0.166592,0.156696,0.166592,0.157892,0.166592,0.160296,0.1082,0.1382,0.143422,0.149161,0.122261,0.128061,0.1336,0.134061
1,0.06461,0.1267,0.1309,0.1352219999999999,0.0883,0.0975,0.1153759999999999,0.123122,0.129556,0.1259,0.1295,0.1285,0.127728,0.129556,0.1259,0.129556,0.1259,0.129984,0.1259,0.1302,0.156568,0.1537,0.156256,0.15584,0.154856,0.156568,0.1537,0.157,0.1537,0.157028,0.1537,0.157,0.164692,0.171376,0.168892,0.1702,0.1719919999999999,0.164692,0.171376,0.164692,0.171376,0.1663919999999999,0.171376,0.1684,0.1148,0.148922,0.1508,0.152122,0.1256,0.1312,0.1356,0.141722
2,0.071283,0.131,0.137083,0.143183,0.094983,0.102683,0.12,0.126732,0.134884,0.12896,0.134676,0.132292,0.131292,0.134884,0.12896,0.135092,0.12896,0.1357,0.12896,0.135792,0.161284,0.1597,0.161042,0.1608,0.160042,0.161284,0.1597,0.161284,0.1597,0.161484,0.1597,0.161884,0.169088,0.174276,0.1731639999999999,0.1747,0.1757,0.169088,0.174276,0.169088,0.174276,0.17054,0.174276,0.1721,0.1183,0.150983,0.1527,0.1553,0.1305,0.1332,0.14,0.147383
3,0.075676,0.136288,0.142332,0.147,0.098944,0.107944,0.123544,0.1305,0.1389,0.132812,0.138512,0.136256,0.135256,0.1389,0.132812,0.1392,0.132812,0.139812,0.132812,0.1397,0.166856,0.164068,0.165556,0.164,0.1642,0.166856,0.164068,0.166956,0.164068,0.166312,0.164068,0.166012,0.173884,0.178084,0.1768,0.178,0.178384,0.173884,0.178084,0.173984,0.178084,0.174484,0.178084,0.1759679999999999,0.121488,0.1534,0.155032,0.157044,0.1328,0.1356,0.1431,0.150244
4,0.0799,0.138505,0.146405,0.1492,0.102,0.112305,0.127,0.1324,0.14228,0.1362,0.1411,0.1399,0.13792,0.14228,0.1362,0.14282,0.1362,0.1430199999999999,0.1362,0.1429,0.171,0.16847,0.16854,0.16827,0.168,0.171,0.16847,0.171,0.16847,0.17031,0.16847,0.16944,0.17708,0.18158,0.1799599999999999,0.18138,0.18128,0.17708,0.18158,0.17708,0.18158,0.17778,0.18158,0.1784,0.1242,0.154605,0.1573,0.1581,0.134605,0.137705,0.147205,0.151905
5,0.084066,0.1421,0.1489,0.151866,0.106732,0.1166659999999999,0.130266,0.1342,0.1455,0.138568,0.1442,0.142568,0.1402,0.1455,0.138568,0.145684,0.138568,0.145784,0.138568,0.145168,0.1743,0.171884,0.172784,0.171984,0.171484,0.1743,0.171884,0.174384,0.171884,0.1744,0.171884,0.173484,0.179476,0.185,0.1833,0.184276,0.184476,0.179476,0.185,0.179476,0.185,0.1803,0.185,0.1818,0.1265659999999999,0.1562,0.1596,0.1595659999999999,0.136866,0.140366,0.149,0.153166
6,0.0867,0.145727,0.1502,0.1538,0.109554,0.12,0.131927,0.137227,0.148796,0.1404,0.146748,0.144448,0.1426,0.148796,0.1404,0.1489,0.1404,0.149,0.1404,0.148948,0.178396,0.175098,0.1759,0.1748,0.175298,0.178396,0.175098,0.178198,0.175098,0.1776,0.175098,0.176,0.1828,0.1876,0.1863,0.187372,0.187372,0.1828,0.1876,0.1828,0.1876,0.1837,0.1876,0.184972,0.1287,0.157754,0.1613,0.1626,0.1384,0.142354,0.1507,0.1547
7,0.0909,0.1473,0.1528,0.1565879999999999,0.113388,0.1231,0.1341,0.1398879999999999,0.1515,0.1432,0.150012,0.1471,0.1443,0.1515,0.1432,0.151512,0.1432,0.1517,0.1432,0.1517,0.182512,0.178,0.1793239999999999,0.1786,0.1783,0.182412,0.178,0.182112,0.178,0.180536,0.178,0.1803,0.1859,0.190368,0.188,0.190168,0.1901,0.1859,0.190368,0.185968,0.190368,0.186468,0.190368,0.186868,0.130688,0.160188,0.1624,0.164,0.1403,0.144088,0.1524,0.1565879999999999
8,0.093849,0.150249,0.1548,0.1589,0.1161,0.125549,0.136447,0.1417,0.154076,0.1447,0.151876,0.1493,0.147,0.154076,0.1447,0.154276,0.1447,0.154876,0.1447,0.1546,0.1856,0.180652,0.1819,0.1817,0.1806,0.1856,0.180652,0.184926,0.180652,0.183652,0.180652,0.1829,0.1885,0.1939,0.190764,0.1923639999999999,0.192664,0.1885,0.1939,0.1885,0.1939,0.1889,0.1939,0.1896,0.132649,0.1615,0.1636,0.1653,0.141849,0.146398,0.153449,0.158
9,0.0973,0.1517,0.1562,0.1613,0.11871,0.1286,0.1383,0.144,0.1576,0.1471,0.15454,0.1516,0.1497,0.1576,0.1471,0.1576,0.1471,0.1578,0.1471,0.15704,0.1872,0.18304,0.1836,0.1833,0.18312,0.1872,0.18304,0.1872,0.18304,0.18604,0.18304,0.1846,0.19138,0.19586,0.193,0.19456,0.1953,0.1915,0.19586,0.19182,0.19586,0.1917,0.19586,0.19216,0.13491,0.1627,0.1652,0.16651,0.1434,0.1482,0.1547,0.1594
10,0.100171,0.153971,0.157871,0.1633,0.1209,0.131,0.139971,0.1472,0.160404,0.1497,0.156904,0.153704,0.151804,0.160404,0.1497,0.160404,0.1497,0.160708,0.1497,0.1598,0.191108,0.185,0.185254,0.1852,0.1852,0.191,0.185,0.190454,0.185,0.188208,0.185,0.187308,0.1938,0.198512,0.195,0.1968,0.197456,0.1939,0.198512,0.194056,0.198512,0.1936,0.198512,0.194056,0.137071,0.1641,0.1662,0.168071,0.1454,0.1494,0.1568,0.1608
11,0.1026,0.1565,0.1593,0.1644,0.123332,0.132532,0.142532,0.151964,0.162568,0.1513,0.1597,0.155968,0.1534,0.162568,0.1513,0.1626,0.1513,0.1632,0.1513,0.162068,0.1934,0.186668,0.187968,0.1872,0.187,0.1934,0.186668,0.1933,0.186668,0.190768,0.186668,0.1888,0.195952,0.2007,0.197152,0.1988,0.200052,0.196152,0.2007,0.196404,0.2007,0.196,0.2007,0.196,0.138932,0.165232,0.1671,0.1699,0.147564,0.1514,0.158432,0.1619
12,0.1052,0.1576,0.1606,0.1656,0.1263,0.1353,0.1448,0.154193,0.165432,0.153,0.162032,0.1585,0.155164,0.165432,0.153,0.1654,0.153,0.165632,0.153,0.165032,0.1953,0.1888,0.190382,0.189164,0.1889,0.1953,0.1888,0.194982,0.1888,0.1928,0.1888,0.191282,0.1989,0.203948,0.1993,0.2004,0.2026,0.198948,0.203948,0.199248,0.203948,0.1984,0.203948,0.198648,0.141093,0.1664,0.1679,0.1706,0.149386,0.1529,0.1598,0.1633
13,0.10747,0.158908,0.162854,0.166454,0.1286,0.1368,0.1472,0.1555,0.167092,0.1548,0.164,0.1607,0.1576,0.167092,0.1548,0.1669,0.1548,0.167396,0.1548,0.166596,0.196796,0.1913959999999999,0.1917,0.191096,0.191196,0.1967,0.1913959999999999,0.196596,0.1913959999999999,0.1944,0.1913959999999999,0.1928,0.2006,0.2064,0.201,0.2034439999999999,0.205244,0.2006,0.2064,0.2012,0.2064,0.2005,0.2064,0.2006,0.1422,0.167354,0.169,0.1713,0.150208,0.1549,0.161,0.1643
14,0.1104,0.1601149999999999,0.1661,0.1671149999999999,0.1306149999999999,0.1387149999999999,0.14993,0.1577,0.16976,0.1573,0.16606,0.16246,0.16018,0.16976,0.1573,0.16954,0.1573,0.16966,0.1573,0.1691,0.19851,0.1928,0.193,0.19301,0.193,0.1984,0.1928,0.198,0.1928,0.1956,0.1928,0.19411,0.20244,0.2081,0.20304,0.2054,0.20704,0.20244,0.2081,0.20282,0.2081,0.20204,0.2081,0.20204,0.1438,0.168115,0.1701,0.1722,0.151715,0.1563149999999999,0.1626149999999999,0.1651149999999999
15,0.1118,0.161652,0.167976,0.167976,0.1328,0.140676,0.151676,0.159904,0.1717479999999999,0.1596,0.168,0.164824,0.1619239999999999,0.1717479999999999,0.1596,0.1717,0.1596,0.1712,0.1596,0.1707,0.1998,0.1946,0.1945,0.1946,0.1946,0.1997,0.1946,0.1992,0.1946,0.196924,0.1946,0.1958,0.204536,0.209836,0.2052,0.207572,0.208836,0.204536,0.209836,0.2047,0.209836,0.203936,0.209836,0.203836,0.1449,0.168776,0.1713,0.1728,0.153376,0.158076,0.1643,0.166476
16,0.1147369999999999,0.163637,0.1691,0.169,0.135337,0.1427,0.1532,0.1625,0.174,0.1612,0.169788,0.1662,0.1639,0.174,0.1612,0.1739879999999999,0.1612,0.1732,0.1612,0.1728,0.200738,0.195814,0.1958,0.195638,0.196038,0.2007,0.195814,0.2004,0.195814,0.1981379999999999,0.195814,0.197,0.206996,0.2117,0.2074,0.209432,0.2109,0.2072,0.2117,0.207432,0.2117,0.205664,0.2117,0.2058,0.146137,0.1695,0.1721,0.1735,0.1543,0.1597,0.1652,0.1676
17,0.117496,0.165398,0.1698,0.1698,0.1371,0.1444,0.154998,0.1636,0.177,0.1629,0.171652,0.168204,0.1657,0.176952,0.1629,0.1769,0.1629,0.1763,0.1629,0.1751,0.2022,0.197,0.197,0.1967,0.197152,0.202152,0.197,0.201752,0.197,0.199452,0.197,0.198152,0.208828,0.2144,0.2092,0.2111,0.2134,0.208828,0.2144,0.2091,0.2144,0.207928,0.2144,0.207428,0.1477,0.1702,0.173,0.1739,0.155498,0.1608979999999999,0.1661,0.168598
18,0.1193,0.168,0.1707,0.1706,0.1391,0.1463,0.1573,0.1653,0.180116,0.1654,0.173316,0.170116,0.1677,0.1800159999999999,0.1654,0.179916,0.1654,0.178916,0.1654,0.1775,0.203366,0.1978,0.1984,0.1984,0.1982,0.2034,0.1978,0.203,0.1978,0.2006,0.1978,0.199366,0.210524,0.2172,0.2108,0.212924,0.2158,0.210524,0.2172,0.2108,0.2172,0.209624,0.2172,0.209324,0.149259,0.1712,0.1739,0.1745,0.156518,0.162559,0.1671,0.1696
19,0.1211,0.1701,0.1716,0.1717,0.14012,0.14772,0.15992,0.1671,0.1824,0.1675,0.17598,0.1718,0.16958,0.1824,0.1675,0.1824,0.1675,0.1816,0.1675,0.18018,0.20488,0.1992,0.1996,0.1995,0.1994,0.20508,0.1992,0.2047,0.1992,0.202,0.1992,0.2006,0.2122,0.21862,0.2124,0.2152,0.21772,0.21212,0.21862,0.2124,0.21862,0.2114,0.21862,0.21062,0.1508,0.1718,0.1745,0.175,0.158,0.1636,0.1683,0.17062
20,0.1227,0.1714,0.1726,0.1729619999999999,0.142381,0.149781,0.162,0.1684,0.185444,0.1699,0.1787,0.174,0.1712439999999999,0.1854,0.1699,0.1853439999999999,0.1699,0.1842,0.1699,0.182832,0.206394,0.2002,0.2006939999999999,0.200794,0.2003,0.2064,0.2002,0.206094,0.2002,0.203,0.2002,0.2018,0.2142,0.219916,0.2143,0.217416,0.2193159999999999,0.214116,0.219916,0.214216,0.219916,0.2129,0.219916,0.212116,0.152181,0.1726,0.1751,0.175781,0.159081,0.1646,0.1693,0.1719
21,0.1248,0.1729,0.1741,0.1744,0.1437,0.1526,0.163842,0.1696,0.188108,0.172008,0.1812,0.1765,0.1733,0.188108,0.172008,0.1881,0.172008,0.186808,0.172008,0.1854,0.2076,0.201,0.2022,0.2017,0.201208,0.2076,0.201,0.2074,0.201,0.2043,0.201,0.203,0.216612,0.2213,0.216212,0.2188,0.2204,0.2163,0.2213,0.216524,0.2213,0.214712,0.2213,0.214212,0.1533,0.1734,0.1757,0.1767,0.160442,0.1656,0.1707,0.172842
22,0.1266,0.1745,0.1753,0.176403,0.145603,0.154203,0.1651,0.171,0.1906,0.174272,0.183716,0.1785,0.175972,0.1906,0.174272,0.1906,0.174272,0.189272,0.174272,0.187372,0.2092,0.202,0.2032219999999999,0.2025,0.2023,0.209122,0.202,0.208722,0.202,0.2058,0.202,0.204422,0.2182,0.2232,0.2176,0.2199,0.221808,0.2181,0.2232,0.2181,0.2232,0.2167,0.2232,0.2161,0.1548,0.1743,0.1761,0.1774,0.1616,0.166603,0.1717,0.1738
23,0.128928,0.1768,0.1764,0.1776,0.1471,0.1559,0.1665,0.1731,0.1927,0.1765,0.1855,0.1812,0.1777,0.192736,0.1765,0.192836,0.1765,0.1916,0.1765,0.189536,0.211236,0.203,0.2043,0.2034,0.203136,0.2112,0.203,0.2105,0.203,0.2076,0.203,0.2055,0.2197,0.2246,0.218804,0.2213,0.223504,0.2197,0.2246,0.2197,0.2246,0.2182,0.2246,0.217604,0.155864,0.175164,0.1766,0.178,0.162764,0.1676,0.1727,0.1745
24,0.131325,0.1784,0.1775,0.1786,0.148525,0.1577,0.1683,0.174925,0.1951,0.1786,0.1872,0.1833,0.1804,0.1951,0.1786,0.1953,0.1786,0.1937,0.1786,0.1916,0.2128499999999999,0.204,0.2054,0.2044,0.20425,0.21275,0.204,0.2123,0.204,0.20915,0.204,0.2068,0.222,0.2261,0.2203,0.2227,0.225,0.222,0.2261,0.2217,0.2261,0.2196,0.2261,0.2193,0.1568,0.1764,0.1774,0.1785,0.1643,0.1684,0.1733,0.1753
25,0.133386,0.1794,0.1781,0.1804,0.1499,0.159786,0.1693,0.176272,0.197464,0.1812639999999999,0.1890639999999999,0.185464,0.182864,0.197564,0.1812639999999999,0.1975,0.1812639999999999,0.1958639999999999,0.1812639999999999,0.193764,0.215,0.2053,0.2064,0.205764,0.2054639999999999,0.2149,0.2053,0.213864,0.2053,0.2107639999999999,0.2053,0.2084639999999999,0.2238959999999999,0.227796,0.2223,0.2242,0.2264,0.2238959999999999,0.227796,0.223496,0.227796,0.2214,0.227796,0.2205,0.158386,0.177586,0.1781,0.179,0.1655,0.1695,0.1742,0.176186
26,0.135047,0.1803,0.1797,0.1818,0.1516,0.161394,0.1713,0.1772,0.199628,0.1834,0.1913,0.187728,0.185056,0.199628,0.1834,0.1996,0.1834,0.198028,0.1834,0.195728,0.2168,0.2064,0.2076,0.207,0.2068,0.2167,0.2064,0.216378,0.2064,0.2124,0.2064,0.2098,0.2255,0.2287,0.2238,0.226,0.2278,0.2255,0.2287,0.225392,0.2287,0.2232,0.2287,0.222392,0.1594,0.1789,0.1789,0.1796,0.166747,0.170847,0.175,0.1772
27,0.1367,0.1813,0.182216,0.1834,0.153008,0.163508,0.173,0.1788,0.201692,0.1856,0.1933,0.190376,0.1882,0.201576,0.1856,0.201568,0.1856,0.199692,0.1856,0.197792,0.218892,0.2079,0.2088,0.2084,0.2081,0.218692,0.2079,0.2181,0.2079,0.2142,0.2079,0.2114,0.227888,0.2301,0.225188,0.2274,0.229,0.228,0.2301,0.2273,0.2301,0.224588,0.2301,0.2241,0.1608,0.1798,0.1795,0.1807,0.1681,0.172,0.1759,0.1779
28,0.1382,0.1823689999999999,0.1843,0.184769,0.1548689999999999,0.1651,0.175369,0.1803,0.203556,0.1887,0.1953,0.192556,0.191256,0.203556,0.1887,0.2034,0.1887,0.202256,0.1887,0.199656,0.2209,0.209606,0.2105179999999999,0.2098119999999999,0.2099,0.220706,0.209606,0.2200119999999999,0.209606,0.2161,0.209606,0.213106,0.229284,0.2313839999999999,0.2262,0.2287,0.2300839999999999,0.229484,0.2313839999999999,0.2290839999999999,0.2313839999999999,0.2267,0.2313839999999999,0.226,0.162269,0.1805,0.18,0.1813,0.1693,0.1727,0.177,0.178669
29,0.14,0.1836,0.18573,0.18533,0.1562,0.1669,0.1775,0.1815,0.2056,0.1918,0.1976,0.1951,0.1937,0.20572,0.1918,0.2056,0.1918,0.2045,0.1918,0.2016,0.22264,0.2109,0.21252,0.2115,0.2111,0.2224,0.2109,0.2213,0.2109,0.21752,0.2109,0.215,0.2307799999999999,0.2326,0.22768,0.23,0.2314,0.2309,0.2326,0.2306,0.2326,0.2283,0.2326,0.22768,0.16363,0.1816,0.181,0.1818,0.17033,0.17393,0.178,0.17973
30,0.1419,0.185491,0.1868,0.1861,0.1578,0.168091,0.1792,0.183,0.2081,0.1945,0.199784,0.1982,0.196068,0.2083839999999999,0.1945,0.208284,0.1945,0.2063839999999999,0.1945,0.2037,0.224,0.212834,0.2139339999999999,0.2132339999999999,0.2129,0.2237,0.212834,0.2232,0.212834,0.2198,0.212834,0.2168,0.232176,0.2337,0.2289,0.2311,0.2324,0.232276,0.2337,0.2319,0.2337,0.2296,0.2337,0.2291,0.165,0.182791,0.1819,0.1825,0.1716,0.1751,0.1795,0.181
31,0.144152,0.1866,0.1875,0.1872,0.159652,0.169352,0.180452,0.1846,0.210348,0.1969,0.202348,0.20014,0.198648,0.2105,0.1969,0.210596,0.1969,0.208996,0.1969,0.206,0.2257,0.2144,0.2163,0.2152,0.214348,0.225548,0.2144,0.2249,0.2144,0.2214,0.2144,0.218448,0.233572,0.2348,0.229972,0.2321,0.233444,0.2336,0.2348,0.233072,0.2348,0.2312,0.2348,0.2304,0.166152,0.1839,0.182952,0.1835,0.1729,0.1764,0.181,0.1825
32,0.1464,0.1876,0.189013,0.188313,0.1613,0.171113,0.182213,0.185613,0.212612,0.1993,0.2045,0.2024,0.200512,0.212712,0.1993,0.2126,0.1993,0.211712,0.1993,0.207924,0.2269,0.216462,0.218662,0.2176,0.2166,0.2268,0.216462,0.2264,0.216462,0.2234,0.216462,0.2202,0.2347,0.236,0.2316,0.233068,0.2343,0.2348,0.236,0.2344,0.236,0.2327,0.236,0.2318,0.1674,0.1849,0.1838,0.184313,0.1747,0.1777,0.1822,0.183413
33,0.147874,0.1882,0.1901,0.1895,0.1631,0.172374,0.183774,0.1867,0.215176,0.201276,0.2067,0.2044,0.202976,0.2153,0.201276,0.215076,0.201276,0.213376,0.201276,0.2104,0.2286,0.217952,0.22,0.219,0.2184,0.228476,0.217952,0.228,0.217952,0.225,0.217952,0.222476,0.2358,0.236964,0.232964,0.234364,0.2355,0.235964,0.236964,0.235364,0.236964,0.2337,0.236964,0.2329,0.169,0.1858,0.1853,0.1853,0.175774,0.1791,0.1831,0.184874
34,0.1498,0.1892,0.1912,0.1907,0.164935,0.1736,0.1851,0.187435,0.2178399999999999,0.2032399999999999,0.2089,0.2062,0.2052,0.21794,0.2032399999999999,0.2178399999999999,0.2032399999999999,0.2158399999999999,0.2032399999999999,0.2121,0.2301,0.22049,0.2220899999999999,0.22139,0.2203,0.2298,0.22049,0.2294,0.22049,0.2264,0.22049,0.2242,0.23726,0.2379,0.2344,0.23526,0.2368,0.2373,0.2379,0.2369,0.2379,0.2348599999999999,0.2379,0.23426,0.1702,0.1865,0.1862,0.1864,0.1769,0.1802349999999999,0.1841,0.1858
35,0.152,0.1903,0.192196,0.1918,0.166896,0.175,0.1868,0.1886,0.220104,0.2056,0.211104,0.2081,0.207404,0.220104,0.2056,0.2198079999999999,0.2056,0.2183,0.2056,0.2138,0.231604,0.222204,0.224104,0.2235,0.2229,0.2314,0.222204,0.2309,0.222204,0.2281,0.222204,0.226004,0.2383,0.2392,0.235256,0.2367,0.2379,0.2383,0.2392,0.238,0.2392,0.235956,0.2392,0.2355,0.171596,0.1874,0.1874,0.187296,0.1782,0.181696,0.185,0.1867
36,0.154,0.1916,0.1929,0.192457,0.169,0.176257,0.1881,0.1896,0.221768,0.2078,0.2131,0.210168,0.209168,0.2218,0.2078,0.221568,0.2078,0.2208,0.2078,0.215868,0.2332,0.223718,0.225718,0.2251,0.224718,0.233,0.223718,0.2324,0.223718,0.229618,0.223718,0.227118,0.239652,0.2402,0.2365,0.237652,0.239052,0.2397,0.2402,0.2392,0.2402,0.237,0.2402,0.2366,0.172557,0.1883,0.1885569999999999,0.188657,0.1792569999999999,0.183,0.1859569999999999,0.1879
37,0.1564,0.1928,0.1936,0.1941,0.1708,0.1781,0.1895,0.1906,0.2238319999999999,0.209332,0.2147319999999999,0.212132,0.2105,0.2238319999999999,0.209332,0.2234639999999999,0.209332,0.2226,0.209332,0.218432,0.2349,0.226232,0.227,0.2266,0.226132,0.2346319999999999,0.226232,0.2343,0.226232,0.231432,0.226232,0.228732,0.241048,0.2413,0.237248,0.238648,0.2403,0.241048,0.2413,0.2405,0.2413,0.2381,0.2413,0.2378,0.1739,0.1891,0.1894,0.189718,0.1806,0.184018,0.186818,0.189418
38,0.1589,0.194179,0.194579,0.1948,0.1724,0.1794,0.190479,0.1917,0.2257,0.2111,0.2164,0.2137,0.212,0.2256,0.2111,0.2256,0.2111,0.2241,0.2111,0.2206,0.2364,0.2277,0.2283,0.228546,0.2277,0.235846,0.2277,0.2354,0.2277,0.2332,0.2277,0.2304,0.2423,0.242344,0.2383,0.2396,0.2412,0.2423,0.242344,0.2418,0.242344,0.2394,0.242344,0.2392,0.1756,0.1902,0.1902,0.1907,0.1814,0.1852,0.1877,0.1909
39,0.1604,0.19484,0.1958,0.19644,0.1741,0.18108,0.1914,0.1925,0.2276,0.21276,0.2186,0.21556,0.2136,0.2272,0.21276,0.227,0.21276,0.2258,0.21276,0.2221,0.23776,0.229,0.23026,0.23006,0.2294,0.2376,0.229,0.2373,0.229,0.23446,0.229,0.23162,0.2435,0.24364,0.2398,0.2409,0.2423,0.2435,0.24364,0.2431,0.24364,0.24074,0.24364,0.24044,0.1769,0.19114,0.1909,0.1915,0.1824,0.1861,0.1889,0.19184
40,0.1624,0.1957,0.197001,0.197501,0.1763,0.1826,0.1924,0.1935,0.229624,0.214024,0.220724,0.2176,0.2155,0.229524,0.214024,0.229024,0.214024,0.2278,0.214024,0.2239239999999999,0.239,0.230574,0.2319,0.2318,0.230974,0.238974,0.230574,0.2386,0.230574,0.236,0.230574,0.233274,0.2445,0.2447,0.2406,0.242136,0.2435,0.2445,0.2447,0.2444,0.2447,0.242136,0.2447,0.2414,0.1782,0.192,0.192,0.192401,0.1838,0.186901,0.1897,0.1926
41,0.164962,0.196762,0.198,0.1986,0.1783,0.1847,0.1936,0.1943619999999999,0.231988,0.2159,0.2228,0.2192879999999999,0.217388,0.232088,0.2159,0.2313,0.2159,0.2296879999999999,0.2159,0.2261,0.2407879999999999,0.232088,0.233288,0.2331879999999999,0.2323,0.2406879999999999,0.232088,0.239888,0.232088,0.2376,0.232088,0.2346,0.245832,0.2455,0.2415,0.2432319999999999,0.2444,0.246,0.2455,0.2458,0.2455,0.2435,0.2455,0.2423,0.1793,0.1927,0.192962,0.193662,0.1852,0.1877619999999999,0.1909,0.193462
42,0.1667,0.1976,0.1986,0.1994,0.1801,0.185823,0.1944,0.1957,0.2342,0.2182,0.224852,0.2214,0.2191519999999999,0.2342,0.2182,0.2339,0.2182,0.2318039999999999,0.2182,0.228104,0.2423,0.2339,0.234602,0.234802,0.2338,0.2422,0.2339,0.2416,0.2339,0.238702,0.2339,0.236002,0.247428,0.246528,0.243128,0.244128,0.245328,0.2474,0.246528,0.246956,0.246528,0.244628,0.246528,0.2435,0.1808,0.194123,0.194123,0.1949,0.1861229999999999,0.1889,0.1919,0.194123
43,0.168484,0.1983,0.1993,0.2001,0.1821,0.1874,0.1952,0.1968,0.236748,0.2198,0.2266,0.2233,0.220716,0.2366,0.2198,0.236616,0.2198,0.234116,0.2198,0.2301,0.2434,0.235116,0.2358,0.236,0.2351,0.2434,0.235116,0.243016,0.235116,0.2403,0.235116,0.237516,0.2486,0.2476,0.2443239999999999,0.2453,0.2463,0.2486,0.2476,0.248324,0.2476,0.245824,0.2476,0.2447,0.1821,0.195,0.195484,0.196,0.1874,0.1901,0.1928839999999999,0.1950839999999999
44,0.17029,0.1992,0.199845,0.2009,0.1836,0.189245,0.1963,0.198045,0.2389,0.2215599999999999,0.228,0.2252,0.22258,0.23884,0.2215599999999999,0.2389,0.2215599999999999,0.2363,0.2215599999999999,0.2321,0.2446,0.2366,0.23773,0.2373,0.2368,0.2444,0.2366,0.24403,0.2366,0.242,0.2366,0.23883,0.2502,0.2487,0.2456,0.24632,0.2474,0.25,0.2487,0.2498,0.2487,0.24712,0.2487,0.2457,0.18349,0.1958,0.1967,0.1976,0.188645,0.1908,0.1938,0.1959
45,0.1723,0.2003,0.2006,0.2016,0.1853,0.191,0.197,0.1989,0.240444,0.2229,0.230488,0.2269,0.2247,0.240344,0.2229,0.240444,0.2229,0.238,0.2229,0.234144,0.245744,0.2384,0.239,0.2386,0.2384,0.245788,0.2384,0.2454,0.2384,0.2433,0.2384,0.2404,0.251316,0.2499,0.2468,0.2474,0.2485,0.2513,0.2499,0.2512,0.2499,0.248316,0.2499,0.246716,0.184906,0.197,0.197806,0.1994,0.189606,0.1919,0.1946,0.1967
46,0.1745,0.2013,0.2016,0.2025,0.1873669999999999,0.1923,0.198067,0.1999669999999999,0.242616,0.2251079999999999,0.232,0.2282079999999999,0.226316,0.2426,0.2251079999999999,0.2423,0.2251079999999999,0.24,0.2251079999999999,0.2365,0.247574,0.2401159999999999,0.2404,0.2404,0.2396,0.2472579999999999,0.2401159999999999,0.2467,0.2401159999999999,0.244658,0.2401159999999999,0.2423159999999999,0.2526,0.2512,0.2482,0.2486,0.2496119999999999,0.2526,0.2512,0.252212,0.2512,0.249712,0.2512,0.2480119999999999,0.1864,0.1982,0.1996,0.2016,0.1909,0.1928,0.1957,0.1976
47,0.177128,0.2021,0.2026,0.203928,0.188828,0.1937,0.1992,0.201,0.2442,0.2269,0.2333,0.230172,0.2285,0.244,0.2269,0.2438,0.2269,0.2417,0.2269,0.2382,0.2498,0.2416,0.242272,0.2418,0.241,0.249572,0.2416,0.2483,0.2416,0.246372,0.2416,0.243772,0.253816,0.2523,0.249408,0.2501,0.250708,0.253708,0.2523,0.2535,0.2523,0.251,0.2523,0.2492,0.1881,0.199,0.2016,0.2032,0.192028,0.1939,0.1965,0.1983
48,0.1802889999999999,0.2027,0.203389,0.2047,0.1907,0.1947,0.2001779999999999,0.2016,0.246,0.2288,0.2355,0.232036,0.23,0.245936,0.2288,0.245436,0.2288,0.2437,0.2288,0.240136,0.2511859999999999,0.2429,0.2436,0.243,0.2426,0.2508,0.2429,0.2501859999999999,0.2429,0.2481,0.2429,0.2453,0.2556,0.2537,0.2507,0.2516,0.251804,0.255504,0.2537,0.255304,0.2537,0.252104,0.2537,0.2505,0.1896,0.2003,0.2031,0.2039,0.192989,0.1948,0.1973889999999999,0.1989
49,0.18255,0.20365,0.2044,0.2055,0.1925,0.19665,0.2012,0.2027,0.2482,0.2303,0.2375,0.2341,0.2318,0.2482,0.2303,0.2477,0.2303,0.2452,0.2303,0.2419,0.2529,0.2445,0.245,0.2443,0.2445,0.2524,0.2445,0.2516,0.2445,0.2502,0.2445,0.2469,0.2568,0.2546,0.2523,0.2527,0.2532,0.2566,0.2546,0.2563,0.2546,0.2532,0.2546,0.252,0.1911,0.20135,0.2041,0.2047,0.1942,0.1958,0.1984,0.1997499999999999
50,0.184911,0.204911,0.205811,0.2063,0.193711,0.1983,0.2025,0.204011,0.250492,0.232464,0.239664,0.2361,0.2342,0.2503,0.232464,0.249728,0.232464,0.2475,0.232464,0.2437,0.2543,0.246,0.2468,0.246,0.245914,0.254214,0.246,0.253214,0.246,0.2513,0.246,0.2484,0.2582959999999999,0.2556,0.253696,0.2539,0.254296,0.2582959999999999,0.2556,0.2578,0.2556,0.2544,0.2556,0.253296,0.192411,0.2026,0.2051,0.2057,0.195622,0.1969,0.1996,0.2007
51,0.1871,0.2061,0.2068,0.2072,0.195072,0.2,0.2034,0.2052,0.2521279999999999,0.234328,0.241328,0.238328,0.2366,0.2518,0.234328,0.2515,0.234328,0.25,0.234328,0.2454,0.2561,0.247628,0.2482,0.2474,0.247528,0.2559,0.247628,0.2553,0.247628,0.2528,0.247628,0.25,0.2602,0.2569,0.2552,0.255392,0.255692,0.2601,0.2569,0.259492,0.2569,0.256392,0.2569,0.254792,0.1938,0.2038,0.205972,0.207,0.197,0.1978,0.2006,0.201772
52,0.1896,0.207,0.2076,0.208233,0.1967,0.2014,0.2045,0.2064,0.2549,0.236692,0.2437,0.239892,0.2381,0.254792,0.236692,0.253884,0.236692,0.2515,0.236692,0.2472,0.2577,0.249442,0.2496,0.249,0.249242,0.2575,0.249442,0.2567,0.249442,0.254642,0.249442,0.2516,0.2615,0.2582,0.2562,0.2568,0.257,0.261488,0.2582,0.2607,0.2582,0.2579,0.2582,0.2559,0.195233,0.2052,0.2068,0.2079329999999999,0.198,0.199033,0.2018,0.2028
53,0.1922,0.208,0.2086,0.2095,0.1981939999999999,0.202894,0.2054939999999999,0.2079,0.2564,0.238356,0.2454,0.2422,0.239756,0.256356,0.238356,0.2558,0.238356,0.2532,0.238356,0.248856,0.2596,0.2508,0.251756,0.250656,0.2506,0.259156,0.2508,0.258056,0.2508,0.2567,0.2508,0.2538,0.2629,0.259884,0.2576,0.2582,0.2585,0.262984,0.259884,0.2618,0.259884,0.259884,0.259884,0.257284,0.1965,0.2064,0.2078,0.2092,0.1992,0.2003,0.2028,0.204
54,0.194455,0.2089,0.209455,0.2104,0.2,0.204655,0.206755,0.209355,0.259,0.2409,0.24712,0.2442,0.2418,0.25852,0.2409,0.2583,0.2409,0.2556,0.2409,0.2508,0.2618,0.252,0.2537,0.2522,0.25207,0.2613,0.252,0.2602,0.252,0.25807,0.252,0.2566,0.26498,0.26088,0.259,0.25988,0.2598,0.26508,0.26088,0.2638,0.26088,0.2613,0.26088,0.2592,0.197655,0.2075,0.209,0.2104,0.2004,0.201455,0.2037,0.205155
55,0.196916,0.2097,0.2103,0.211616,0.2027,0.206216,0.2079,0.2105,0.2615,0.2428,0.2489,0.246,0.2438,0.260884,0.2428,0.260484,0.2428,0.2575,0.2428,0.252584,0.2639,0.2536,0.2564,0.253984,0.253484,0.263568,0.2536,0.262684,0.2536,0.2596,0.2536,0.258284,0.266576,0.262176,0.2606,0.2609,0.2611,0.266576,0.262176,0.265676,0.262176,0.2628,0.262176,0.2606,0.199116,0.2089,0.210116,0.2118,0.2014,0.202916,0.2048,0.2067
56,0.1989,0.2105,0.211277,0.2135,0.204177,0.2079,0.209,0.211677,0.263948,0.2445,0.250348,0.247748,0.245848,0.263348,0.2445,0.2626,0.2445,0.2595,0.2445,0.2551,0.2659,0.255698,0.2582,0.256294,0.255298,0.2654,0.255698,0.2646,0.255698,0.2617,0.255698,0.260098,0.2683,0.2639,0.262072,0.262472,0.2629,0.2683,0.2639,0.267372,0.2639,0.2644,0.2639,0.262172,0.2006,0.2099,0.212177,0.2136,0.202977,0.203877,0.2058,0.2078
57,0.2015,0.2112379999999999,0.2123,0.2152379999999999,0.2057,0.2099,0.2103,0.213,0.265912,0.2460119999999999,0.252212,0.2495,0.2472,0.265512,0.2460119999999999,0.2652,0.2460119999999999,0.261812,0.2460119999999999,0.256712,0.2678239999999999,0.2573,0.2599,0.2578,0.2572,0.267412,0.2573,0.2664,0.2573,0.2638,0.2573,0.2621,0.2706,0.2655679999999999,0.2641679999999999,0.2638,0.2648,0.2704,0.2655679999999999,0.2688,0.2655679999999999,0.2665679999999999,0.2655679999999999,0.2641679999999999,0.202,0.2112,0.2135,0.215,0.2048,0.2051,0.2075,0.2089
58,0.2037979999999999,0.2124,0.2141979999999999,0.2164,0.2076,0.2111989999999999,0.212,0.2141,0.267976,0.2474519999999999,0.2551759999999999,0.250876,0.2490759999999999,0.2677279999999999,0.2474519999999999,0.2671519999999999,0.2474519999999999,0.2637759999999999,0.2474519999999999,0.2591519999999999,0.2699,0.2593,0.261426,0.2598259999999999,0.2595,0.2692,0.2593,0.2686519999999999,0.2593,0.2653259999999999,0.2593,0.2642,0.2728,0.267528,0.2663,0.266328,0.2661,0.2726,0.267528,0.2711,0.267528,0.2685,0.267528,0.2664,0.2037,0.2120989999999999,0.2152,0.2165989999999999,0.2061,0.2065,0.2091,0.21
59,0.20606,0.2137,0.2155,0.2187599999999999,0.2094599999999999,0.2124,0.2134,0.21536,0.27074,0.24914,0.25684,0.25284,0.25094,0.27058,0.24914,0.26974,0.24914,0.26624,0.24914,0.261,0.2733399999999999,0.26064,0.2636,0.26134,0.2608,0.27164,0.26064,0.27072,0.26064,0.2683,0.26064,0.26594,0.2758,0.26942,0.26846,0.268,0.26796,0.27566,0.26942,0.27326,0.26942,0.27086,0.26942,0.2687,0.2052,0.2131,0.21636,0.2181,0.2077,0.2081599999999999,0.2109799999999999,0.2116
60,0.208021,0.214821,0.2163,0.2209,0.210921,0.2141,0.2153,0.2167,0.2731,0.250804,0.2588,0.255004,0.252804,0.273004,0.250804,0.2724,0.250804,0.2693,0.250804,0.2636,0.2759,0.262354,0.2655,0.263,0.262954,0.275308,0.262354,0.274554,0.262354,0.270308,0.262354,0.2675,0.2784,0.2712,0.2708,0.271056,0.2705,0.2783,0.2712,0.2762,0.2712,0.273256,0.2712,0.270956,0.207,0.2142,0.2182,0.2187,0.2094,0.2096,0.212521,0.2127
61,0.210482,0.2164,0.217382,0.2227,0.212882,0.216,0.2167,0.218,0.2761679999999999,0.2532,0.2607,0.256536,0.254768,0.2758679999999999,0.2532,0.275136,0.2532,0.272068,0.2532,0.2659359999999999,0.2787,0.2637679999999999,0.2671679999999999,0.2646,0.2641,0.278,0.2637679999999999,0.2772,0.2637679999999999,0.2733,0.2637679999999999,0.2695,0.281052,0.273552,0.2736,0.2736,0.2725,0.281,0.273552,0.2797,0.273552,0.275152,0.273552,0.2738,0.208882,0.215582,0.219482,0.219482,0.2109,0.2116,0.214382,0.214082
62,0.2126,0.2176,0.2192,0.2259429999999999,0.2146,0.217743,0.218243,0.2198,0.278264,0.2551,0.262664,0.2584,0.256364,0.278032,0.2551,0.277864,0.2551,0.2748,0.2551,0.268532,0.282082,0.2652,0.268782,0.266,0.265582,0.2815,0.2652,0.280782,0.2652,0.2762,0.2652,0.2717,0.283248,0.276,0.2758,0.2755,0.275648,0.2831,0.276,0.2815,0.276,0.2774,0.276,0.276048,0.2106,0.2169,0.2203429999999999,0.2213,0.2123,0.2136,0.215643,0.215643
63,0.2153,0.2198,0.2223,0.228304,0.216804,0.220104,0.2199,0.2216,0.2814919999999999,0.256896,0.2651,0.261,0.258196,0.280592,0.256896,0.280896,0.256896,0.277,0.256896,0.270592,0.2852,0.266496,0.271,0.2684,0.2668,0.2844,0.266496,0.283696,0.266496,0.279288,0.266496,0.273996,0.285844,0.2779,0.277544,0.2777,0.2778,0.286,0.2779,0.2841,0.2779,0.2801,0.2779,0.278044,0.2125,0.2182,0.222208,0.2234,0.214104,0.215404,0.217,0.217104
64,0.2177,0.2221,0.2243,0.231,0.219365,0.221865,0.2217,0.2228,0.2845,0.2588,0.26746,0.26316,0.2607,0.2841,0.2588,0.28406,0.2588,0.28116,0.2588,0.27296,0.2882,0.26861,0.2733,0.2698,0.26881,0.28741,0.26861,0.28572,0.26861,0.28201,0.26861,0.27562,0.28854,0.28104,0.2801,0.27974,0.2802,0.28854,0.28104,0.2875,0.28104,0.2826,0.28104,0.2803,0.2146,0.221265,0.2246,0.2249,0.216065,0.2172,0.2179,0.2193
65,0.2203,0.2248,0.2299300000000001,0.234426,0.222652,0.225,0.223726,0.225278,0.287448,0.2618,0.269624,0.2653,0.263124,0.2868,0.2618,0.287148,0.2618,0.284324,0.2618,0.275324,0.2918,0.2699,0.275048,0.2712,0.2703,0.290524,0.2699,0.289,0.2699,0.2852,0.2699,0.2786,0.2921,0.2835,0.2823,0.281736,0.282136,0.291872,0.2835,0.2905,0.2835,0.2861,0.2835,0.2826,0.217126,0.224,0.2257,0.2264,0.2177,0.218626,0.2187,0.2214
66,0.2231,0.226887,0.234087,0.2357,0.2254,0.2267,0.2262,0.227187,0.291376,0.263688,0.2719,0.2674,0.2654,0.2914879999999999,0.263688,0.291188,0.263688,0.287588,0.263688,0.278288,0.2946,0.2716,0.276938,0.2732,0.2718379999999999,0.2939,0.2716,0.293238,0.2716,0.2889,0.2716,0.281376,0.294932,0.286064,0.2855,0.284664,0.2853,0.294832,0.286064,0.293464,0.286064,0.288396,0.286064,0.2858,0.2197,0.226287,0.2267,0.2274,0.2193,0.220687,0.2199,0.222987
67,0.2263,0.2302,0.236348,0.2383,0.229148,0.2284,0.228948,0.2295,0.2945,0.2668,0.273452,0.269552,0.267952,0.294752,0.2668,0.294608,0.2668,0.2911559999999999,0.2668,0.280652,0.298252,0.273952,0.278904,0.274852,0.2735039999999999,0.297752,0.273952,0.296752,0.273952,0.292552,0.273952,0.2845,0.297628,0.289928,0.288228,0.286956,0.288784,0.297428,0.289928,0.2966,0.289928,0.291784,0.289928,0.288928,0.222196,0.227248,0.227748,0.228348,0.2217,0.2226,0.2212,0.2244
68,0.2298,0.2324089999999999,0.2393,0.2400089999999999,0.2315,0.230009,0.231009,0.2307089999999999,0.2984159999999999,0.2688,0.275916,0.2716,0.2698,0.2985319999999999,0.2688,0.297716,0.2688,0.2958,0.2688,0.2838,0.303166,0.2760319999999999,0.2815,0.2776,0.2759319999999999,0.3021319999999999,0.2760319999999999,0.301,0.2760319999999999,0.2962,0.2760319999999999,0.2874,0.3011239999999999,0.2926,0.2914,0.2907,0.291824,0.3005,0.2926,0.3,0.2926,0.295724,0.2926,0.292,0.2249,0.2302179999999999,0.2292,0.2293089999999999,0.2234089999999999,0.2244089999999999,0.2225,0.2261269999999999
69,0.2342699999999999,0.2365,0.2433699999999999,0.2419099999999999,0.2339,0.2313,0.2332699999999999,0.2326,0.3033399999999999,0.2712599999999999,0.278,0.2735,0.27208,0.30288,0.2712599999999999,0.30188,0.2712599999999999,0.2987,0.2712599999999999,0.28618,0.3067,0.27928,0.2848,0.2802,0.2786599999999999,0.30616,0.27928,0.3055799999999999,0.27928,0.3004,0.27928,0.29018,0.3032,0.2949199999999999,0.2953,0.294,0.2948199999999999,0.3028,0.2949199999999999,0.3023,0.2949199999999999,0.29872,0.2949199999999999,0.2961,0.2277,0.23187,0.2308,0.23067,0.2257,0.22587,0.225,0.2293
70,0.2367619999999999,0.2413619999999999,0.2453,0.244,0.2361,0.2342,0.2346,0.234631,0.307244,0.2743,0.280644,0.275944,0.275132,0.3072,0.2743,0.306044,0.2743,0.302544,0.2743,0.289188,0.3094,0.2819939999999999,0.287894,0.2834,0.281588,0.3083,0.2819939999999999,0.307982,0.2819939999999999,0.303694,0.2819939999999999,0.293388,0.3061319999999999,0.2979799999999999,0.2983639999999999,0.2974159999999999,0.297432,0.3054159999999999,0.2979799999999999,0.3051319999999999,0.2979799999999999,0.3020159999999999,0.2979799999999999,0.3002,0.229831,0.233031,0.231831,0.2323,0.2276,0.227431,0.2272,0.2313
71,0.240392,0.2451,0.247192,0.245792,0.2384,0.2367,0.236884,0.2366,0.312008,0.2765,0.282708,0.278408,0.277608,0.3119,0.2765,0.3110159999999999,0.2765,0.3069,0.2765,0.2928,0.3133,0.2848,0.291508,0.286508,0.2845,0.311508,0.2848,0.3114,0.2848,0.307708,0.2848,0.2969,0.308912,0.3020239999999999,0.302,0.300912,0.3016239999999999,0.3085,0.3020239999999999,0.308312,0.3020239999999999,0.304736,0.3020239999999999,0.3031359999999999,0.232692,0.2341,0.233,0.233792,0.2304,0.2294,0.2301,0.2334
72,0.2436,0.2472,0.2505529999999999,0.2490529999999999,0.2406059999999999,0.2392,0.2396529999999999,0.2404,0.3165599999999999,0.2795439999999999,0.2854,0.2807719999999999,0.2797719999999999,0.3162599999999999,0.2795439999999999,0.314472,0.2795439999999999,0.310272,0.2795439999999999,0.2955719999999999,0.3170219999999999,0.2878219999999999,0.293722,0.2898,0.2878,0.316322,0.2878219999999999,0.3150219999999999,0.2878219999999999,0.3104439999999999,0.2878219999999999,0.2999659999999999,0.312708,0.306008,0.3057,0.304832,0.304924,0.312408,0.306008,0.3117159999999999,0.306008,0.309008,0.306008,0.3061,0.2353059999999999,0.2354529999999999,0.2341529999999999,0.2353,0.2329,0.2319,0.2334119999999999,0.2358529999999999
73,0.246214,0.2499,0.2532,0.2512,0.243914,0.2418,0.2423,0.244214,0.321036,0.282,0.288072,0.2829,0.281736,0.320536,0.282,0.320172,0.282,0.314108,0.282,0.2988,0.3204,0.292472,0.296936,0.295336,0.292972,0.3199,0.292472,0.317636,0.292472,0.313772,0.292472,0.304436,0.315704,0.310004,0.309308,0.309508,0.309304,0.315408,0.310004,0.3153,0.310004,0.311604,0.310004,0.309108,0.2382139999999999,0.2368,0.2362,0.2366,0.2358,0.2342279999999999,0.236114,0.2384279999999999
74,0.250875,0.253175,0.255775,0.2538,0.249075,0.244375,0.245675,0.2459,0.324,0.2844,0.2906,0.2856,0.2847,0.3236,0.2844,0.3234,0.2844,0.3188,0.2844,0.3029,0.32505,0.2974,0.3004,0.2996,0.29815,0.32435,0.2974,0.3218499999999999,0.2974,0.31655,0.2974,0.3077999999999999,0.3184,0.3138,0.3128,0.3131,0.3137,0.3184,0.3138,0.3185,0.3138,0.3153,0.3138,0.3139,0.2409,0.2388,0.238675,0.241975,0.2383,0.2372,0.239475,0.2414
75,0.254236,0.258236,0.258236,0.264036,0.254136,0.247636,0.2479,0.248636,0.3302,0.2871919999999999,0.2948,0.289164,0.287456,0.329864,0.2871919999999999,0.3299,0.2871919999999999,0.3217639999999999,0.2871919999999999,0.305764,0.329292,0.301728,0.304264,0.3034559999999999,0.3027919999999999,0.3283839999999999,0.301728,0.327,0.301728,0.3202,0.301728,0.312264,0.321696,0.3177,0.3163,0.317996,0.3174,0.321196,0.3177,0.321096,0.3177,0.318396,0.3177,0.317696,0.2432,0.2406,0.2424,0.243436,0.241572,0.239436,0.241536,0.2431
76,0.257994,0.2629910000000001,0.261497,0.271,0.258,0.250097,0.250997,0.252197,0.3359,0.291328,0.298228,0.2928,0.290356,0.3348,0.291328,0.3348,0.291328,0.325128,0.291328,0.3093,0.3334,0.305878,0.309456,0.306378,0.3064,0.333,0.305878,0.332678,0.305878,0.323956,0.305878,0.315856,0.325592,0.3227919999999999,0.319592,0.3213,0.3222919999999999,0.3253,0.3227919999999999,0.324684,0.3227919999999999,0.3218,0.3227919999999999,0.321492,0.245497,0.242097,0.2448,0.246397,0.244,0.243297,0.244094,0.2445
77,0.2625,0.2656,0.2648,0.274758,0.261458,0.253,0.254658,0.2579,0.341092,0.295368,0.3034,0.2974,0.294776,0.340776,0.295368,0.340392,0.295368,0.3287,0.295368,0.313584,0.337492,0.3084,0.3136919999999999,0.3102,0.309292,0.336776,0.3084,0.3359,0.3084,0.328584,0.3084,0.3193,0.330588,0.326088,0.323252,0.3241,0.3254,0.3302879999999999,0.326088,0.328988,0.326088,0.325988,0.326088,0.325388,0.2487,0.2442579999999999,0.2471,0.2502,0.2473,0.2458,0.2468,0.2462
78,0.267219,0.267819,0.277319,0.278819,0.264738,0.256519,0.258957,0.261119,0.346756,0.298956,0.308368,0.3014,0.299156,0.346012,0.298956,0.345,0.298956,0.3332239999999999,0.298956,0.318056,0.342712,0.3122,0.3174,0.314506,0.312706,0.342206,0.3122,0.341206,0.3122,0.332112,0.3122,0.32193,0.335768,0.33,0.328152,0.327768,0.329784,0.334868,0.33,0.3332,0.33,0.329484,0.33,0.328468,0.252419,0.2477,0.250319,0.2535,0.2502189999999999,0.248619,0.2502189999999999,0.248019
79,0.27306,0.2717,0.2826,0.28248,0.26828,0.2602,0.2631,0.2659000000000001,0.3511,0.30272,0.31294,0.30694,0.3033400000000002,0.35062,0.30272,0.35002,0.30272,0.33784,0.30272,0.32182,0.34712,0.31624,0.32104,0.31862,0.31704,0.34642,0.31624,0.3455,0.31624,0.3371,0.31624,0.32682,0.34108,0.3336,0.33144,0.331,0.3326,0.34064,0.3336,0.3384000000000001,0.3336,0.33448,0.3336,0.3312,0.2558,0.25418,0.2581800000000001,0.25978,0.25358,0.25108,0.25398,0.2502
80,0.278741,0.2758,0.286741,0.284941,0.271282,0.2666640000000001,0.266341,0.2733230000000001,0.3565,0.307184,0.3174,0.3124,0.308684,0.3562,0.307184,0.356,0.307184,0.341968,0.307184,0.325768,0.351736,0.32287,0.3246,0.323268,0.323934,0.3507,0.32287,0.349534,0.32287,0.340534,0.32287,0.329734,0.345728,0.3378,0.334552,0.334,0.3355520000000001,0.344652,0.3378,0.3429,0.3378,0.339204,0.3378,0.3349,0.258341,0.257482,0.2618230000000001,0.269441,0.256982,0.255,0.256641,0.2528
81,0.286502,0.280402,0.289102,0.289002,0.2751,0.272906,0.270204,0.277602,0.3625,0.311896,0.321196,0.3181,0.314444,0.36134,0.311896,0.360748,0.311896,0.345696,0.311896,0.3302,0.357848,0.3294,0.3283,0.3273,0.329496,0.3566,0.3294,0.353948,0.3294,0.344848,0.3294,0.334548,0.351272,0.3420439999999999,0.3384879999999999,0.3376439999999999,0.3398,0.3494719999999999,0.3420439999999999,0.348172,0.3420439999999999,0.3436439999999999,0.3420439999999999,0.3393439999999999,0.263404,0.261004,0.2652,0.275508,0.260902,0.2583,0.2592,0.256302
82,0.291963,0.2889,0.2930259999999999,0.2909629999999999,0.2783,0.2807,0.2747259999999999,0.2840889999999998,0.3702,0.3171239999999999,0.3251239999999999,0.322512,0.320012,0.3693479999999999,0.3171239999999999,0.367312,0.3171239999999999,0.3494,0.3171239999999999,0.3339359999999999,0.364762,0.3333099999999999,0.3326,0.331762,0.3338239999999999,0.364062,0.3333099999999999,0.359762,0.3333099999999999,0.348786,0.3333099999999999,0.3374,0.3566359999999999,0.3462,0.3423679999999999,0.3418679999999999,0.3432679999999999,0.3555359999999999,0.3462,0.3532679999999999,0.3462,0.3472,0.3462,0.3437,0.2686889999999999,0.2689,0.275663,0.2815629999999999,0.2649,0.2625259999999999,0.2613,0.2635
83,0.2973,0.2955239999999999,0.2982479999999999,0.2951719999999999,0.2839,0.285624,0.2809,0.2883,0.3775,0.3215,0.3298,0.326876,0.3236519999999999,0.377376,0.3215,0.3740279999999999,0.3215,0.3563759999999999,0.3215,0.3377279999999999,0.3707,0.3372519999999999,0.3378759999999999,0.3368519999999999,0.3373,0.3679519999999999,0.3372519999999999,0.365152,0.3372519999999999,0.3534039999999999,0.3372519999999999,0.3411519999999999,0.3603639999999999,0.3501559999999999,0.346128,0.346128,0.3474,0.3595639999999999,0.3501559999999999,0.3585639999999999,0.3501559999999999,0.3529279999999999,0.3501559999999999,0.3468279999999999,0.274124,0.2779479999999999,0.2804239999999999,0.2944199999999999,0.2692239999999999,0.264924,0.2643,0.2703239999999999
84,0.3042,0.30111,0.30404,0.318085,0.2897399999999999,0.292,0.2847699999999999,0.2921,0.3844,0.32764,0.33514,0.33174,0.32898,0.3836,0.32764,0.37942,0.32764,0.36344,0.32764,0.3413,0.37679,0.34198,0.34199,0.34159,0.34169,0.37528,0.34198,0.3708,0.34198,0.35827,0.34198,0.34568,0.3660199999999999,0.35416,0.3512,0.35106,0.35226,0.36512,0.35416,0.36354,0.35416,0.3580599999999999,0.35416,0.3532199999999999,0.278255,0.280785,0.2869549999999999,0.3116549999999999,0.2729,0.269085,0.2687699999999999,0.274585
85,0.313392,0.308338,0.3103,0.376292,0.2971,0.296038,0.291246,0.30186,0.393408,0.332212,0.339408,0.336008,0.3336,0.393604,0.332212,0.389404,0.332212,0.370308,0.332212,0.3459,0.382804,0.345908,0.346104,0.345804,0.346208,0.3811,0.345908,0.3774,0.345908,0.361804,0.345908,0.350008,0.372256,0.3588,0.357356,0.356912,0.3586,0.371256,0.3588,0.369112,0.3588,0.364012,0.3588,0.359556,0.2846,0.283438,0.301946,0.3208,0.2766,0.274646,0.271646,0.278546
86,0.322114,0.3168560000000001,0.3280980000000002,0.386007,0.3035280000000001,0.304607,0.2989,0.312321,0.405504,0.3360039999999999,0.343168,0.339568,0.3374359999999999,0.4053439999999998,0.3360039999999999,0.3969399999999999,0.3360039999999999,0.3774679999999999,0.3360039999999999,0.350504,0.3893359999999999,0.351018,0.3498719999999999,0.3496,0.3504179999999999,0.3883,0.351018,0.382918,0.351018,0.365372,0.351018,0.3549179999999999,0.38026,0.3635159999999999,0.363956,0.364152,0.362952,0.378252,0.3635159999999999,0.376352,0.3635159999999999,0.370904,0.3635159999999999,0.366804,0.2892,0.288507,0.3103,0.334121,0.280114,0.279321,0.276821,0.2844420000000001
87,0.329868,0.3313679999999999,0.3940719999999999,0.3897399999999999,0.3120679999999999,0.3109679999999999,0.3116079999999999,0.3247,0.4192920000000001,0.340164,0.3476880000000001,0.3436,0.3416280000000001,0.417628,0.340164,0.409964,0.340164,0.3825280000000001,0.340164,0.356532,0.396732,0.354732,0.3566,0.3556,0.355132,0.3948,0.354732,0.3897,0.354732,0.371464,0.354732,0.358532,0.390896,0.371396,0.3714,0.371548,0.371596,0.387092,0.371396,0.384596,0.371396,0.3765,0.371396,0.374244,0.293836,0.2988519999999998,0.3239359999999999,0.3666,0.2844679999999999,0.2844,0.2829,0.289004
88,0.3403,0.338416,0.406558,0.394729,0.323416,0.317529,0.3234899999999999,0.332929,0.432396,0.3448,0.352788,0.349192,0.346884,0.430884,0.3448,0.4230959999999999,0.3448,0.39,0.3448,0.365396,0.405946,0.360946,0.361392,0.3607,0.3603,0.405038,0.360946,0.397492,0.360946,0.3786,0.360946,0.3646,0.4022200000000001,0.379176,0.377388,0.378044,0.37772,0.399044,0.379176,0.3952,0.379176,0.386644,0.379176,0.380544,0.299058,0.322661,0.3465,0.379487,0.293345,0.290558,0.2889,0.296529
89,0.35206,0.41298,0.41168,0.4098700000000002,0.33475,0.32457,0.33858,0.35307,0.44198,0.3511,0.35846,0.35462,0.35246,0.4394599999999999,0.3511,0.4331,0.3511,0.3977,0.3511,0.37226,0.4137399999999999,0.36666,0.37096,0.36918,0.36682,0.4122799999999999,0.36666,0.40646,0.36666,0.3892,0.36666,0.3724,0.41248,0.38774,0.38334,0.38518,0.38674,0.40962,0.38774,0.40604,0.38774,0.39984,0.38774,0.3863,0.30607,0.3347700000000001,0.38138,0.3944800000000001,0.30058,0.29478,0.29879,0.30127
90,0.3679570000000001,0.4365650000000003,0.4185,0.4424750000000005,0.349451,0.334202,0.3604,0.3657040000000001,0.4555200000000001,0.356724,0.3675120000000003,0.358748,0.357224,0.451224,0.356724,0.4431960000000001,0.356724,0.4061440000000001,0.356724,0.379924,0.425674,0.374948,0.3771700000000001,0.375974,0.3748960000000001,0.423548,0.374948,0.4164660000000002,0.374948,0.400148,0.374948,0.3820220000000001,0.425744,0.396808,0.3933400000000002,0.393216,0.39398,0.4234,0.396808,0.4194,0.396808,0.409808,0.396808,0.396236,0.314851,0.355851,0.3999140000000003,0.423302,0.309251,0.3022100000000002,0.3097,0.335604
91,0.3806240000000001,0.4466240000000001,0.4384720000000002,0.473612,0.3663600000000002,0.349712,0.3758,0.4227720000000002,0.466464,0.363688,0.378276,0.368364,0.363688,0.462764,0.363688,0.4562,0.363688,0.4196040000000001,0.363688,0.3932879999999999,0.440864,0.3875,0.38924,0.38674,0.386152,0.435488,0.3875,0.426864,0.3875,0.4125040000000001,0.3875,0.395752,0.441364,0.408732,0.404332,0.403196,0.404464,0.4336600000000001,0.408732,0.431364,0.408732,0.4249120000000002,0.408732,0.4097280000000001,0.321724,0.4039600000000001,0.4147720000000002,0.4376,0.3184240000000001,0.3132280000000007,0.3189240000000001,0.3544720000000002
92,0.398065,0.4483,0.466384,0.506368,0.383876,0.372303,0.410814,0.484219,0.480364,0.3724159999999999,0.387608,0.377704,0.373564,0.475704,0.3724159999999999,0.466356,0.3724159999999999,0.436056,0.3724159999999999,0.406756,0.456404,0.3951159999999999,0.405104,0.3994,0.3982,0.454502,0.3951159999999999,0.444802,0.3951159999999999,0.432612,0.3951159999999999,0.414722,0.46054,0.419056,0.4223,0.4171560000000001,0.4175680000000001,0.458428,0.419056,0.4505680000000001,0.419056,0.4409400000000001,0.419056,0.4260840000000001,0.330173,0.424473,0.452841,0.4443,0.324857,0.331073,0.372011,0.386373
93,0.4208019999999999,0.4765039999999998,0.515834,0.5315679999999999,0.4070679999999999,0.4587039999999998,0.4763699999999998,0.4967,0.4959079999999998,0.3827319999999999,0.400532,0.387964,0.384,0.4909159999999999,0.3827319999999999,0.479732,0.3827319999999999,0.4485959999999999,0.3827319999999999,0.4231919999999998,0.477232,0.4069799999999999,0.4194319999999999,0.4130639999999999,0.4097159999999999,0.4701879999999997,0.4069799999999999,0.467632,0.4069799999999999,0.4508119999999999,0.4069799999999999,0.4338639999999999,0.4766919999999998,0.4298719999999999,0.4370439999999999,0.4321439999999998,0.4298,0.4723159999999998,0.4298719999999999,0.4678799999999995,0.4298719999999999,0.4553679999999998,0.4298719999999999,0.4445439999999999,0.345834,0.4485479999999993,0.4721,0.4492,0.335534,0.352168,0.3899039999999998,0.4244379999999998
94,0.4751649999999999,0.5377799999999999,0.5534499999999998,0.576395,0.4982499999999998,0.503929999999999,0.5628249999999997,0.50569,0.51298,0.3957599999999999,0.4204799999999999,0.4057599999999999,0.3991999999999998,0.50928,0.3957599999999999,0.4946999999999994,0.3957599999999999,0.4611,0.3957599999999999,0.4374199999999996,0.4992599999999999,0.4179599999999999,0.43243,0.4251199999999999,0.4196,0.4923099999999998,0.4179599999999999,0.4862099999999998,0.4179599999999999,0.4678,0.4179599999999999,0.4472299999999999,0.49854,0.44194,0.4542199999999999,0.44892,0.44392,0.4944,0.44194,0.4886199999999999,0.44194,0.4762999999999998,0.44194,0.45962,0.3673,0.4908349999999994,0.4799849999999999,0.451495,0.3767799999999999,0.3915649999999995,0.4251449999999998,0.4499649999999999
95,0.5354879999999999,0.5837559999999999,0.612756,0.639656,0.555572,0.5752959999999999,0.583012,0.552472,0.5347400000000001,0.4109280000000002,0.436188,0.421776,0.414388,0.530688,0.4109280000000002,0.511088,0.4109280000000002,0.47722,0.4109280000000002,0.45482,0.52142,0.428976,0.4515240000000001,0.439844,0.432976,0.5123,0.428976,0.5046400000000001,0.428976,0.485576,0.428976,0.462888,0.53008,0.4577159999999999,0.4690119999999999,0.4607639999999999,0.458516,0.5236799999999999,0.4577159999999999,0.513848,0.4577159999999999,0.4954479999999999,0.4577159999999999,0.4797639999999999,0.3937679999999999,0.520092,0.4857,0.5363399999999999,0.4035079999999999,0.4227919999999999,0.455512,0.4895
96,0.6096140000000003,0.6229,0.6933530000000001,0.732068,0.6329700000000001,0.638553,0.615051,0.6123700000000001,0.57668,0.431324,0.4524479999999999,0.4367239999999999,0.4331239999999999,0.564232,0.431324,0.5409879999999999,0.431324,0.4978439999999998,0.431324,0.4692799999999999,0.556074,0.4411159999999999,0.470574,0.4551159999999999,0.4452159999999999,0.542258,0.4411159999999999,0.529032,0.4411159999999999,0.4994319999999999,0.4411159999999999,0.4837379999999999,0.562448,0.471136,0.485724,0.4819239999999999,0.473136,0.55512,0.471136,0.5452679999999999,0.471136,0.51896,0.471136,0.4961679999999998,0.4250740000000002,0.5341,0.5731910000000001,0.5802510000000001,0.4584910000000001,0.4878,0.4878760000000002,0.5822
97,0.7049779999999999,0.794356,0.8562339999999998,0.8268,0.7113259999999996,0.7068339999999999,0.642656,0.6579719999999981,0.6514919999999993,0.4548479999999998,0.4763719999999999,0.461072,0.4558,0.6253639999999998,0.4548479999999998,0.5845679999999996,0.4548479999999998,0.528143999999999,0.4548479999999998,0.4955759999999998,0.6068959999999997,0.4582879999999999,0.4928879999999999,0.4790159999999999,0.4663199999999998,0.5876079999999997,0.4582879999999999,0.5641759999999999,0.4582879999999999,0.527044,0.4582879999999999,0.5098839999999996,0.6127319999999999,0.4940279999999999,0.5131959999999999,0.5010319999999999,0.4957479999999999,0.6044080000000001,0.4940279999999999,0.5846959999999999,0.4940279999999999,0.5456959999999998,0.4940279999999999,0.526272,0.5286399999999992,0.6159059999999994,0.6263379999999995,0.6222459999999997,0.5505339999999999,0.5464799999999997,0.6947359999999997,0.6015339999999999
98,0.9232069999999998,1.0030249999999992,0.9367069999999998,0.872239,0.8411379999999982,0.772839,1.0982269999999963,1.1003819999999995,0.7504080000000001,0.4807080000000001,0.5185120000000002,0.4987,0.484572,0.7157880000000001,0.4807080000000001,0.6895520000000007,0.4807080000000001,0.5938400000000003,0.4807080000000001,0.5509520000000001,0.7065940000000003,0.5007860000000001,0.5334480000000001,0.5113480000000002,0.5009720000000001,0.6939240000000011,0.5007860000000001,0.6520940000000003,0.5007860000000001,0.5898720000000007,0.5007860000000001,0.55183,0.7079599999999999,0.536224,0.5439719999999998,0.534112,0.534276,0.6903199999999998,0.536224,0.6612199999999998,0.536224,0.5895959999999999,0.536224,0.5578999999999998,0.6701239999999998,0.7393939999999994,0.684773,0.6481,0.8159019999999959,0.9516849999999998,0.770463999999999,0.7956069999999998
